tree
version=v4
num_class=1
num_tree_per_iteration=1
label_index=0
max_feature_idx=44
objective=binary sigmoid:1
feature_names=Column_0 Column_1 Column_2 Column_3 Column_4 Column_5 Column_6 Column_7 Column_8 Column_9 Column_10 Column_11 Column_12 Column_13 Column_14 Column_15 Column_16 Column_17 Column_18 Column_19 Column_20 Column_21 Column_22 Column_23 Column_24 Column_25 Column_26 Column_27 Column_28 Column_29 Column_30 Column_31 Column_32 Column_33 Column_34 Column_35 Column_36 Column_37 Column_38 Column_39 Column_40 Column_41 Column_42 Column_43 Column_44
feature_infos=[3.9700000286102295:6970.22021484375] [0:30] [0:59791.98046875] [0:102] [0:183847.375] [0:486] [0:720272.25] [0.0010560811497271061:10] none [0:23] [0:1] [-416.2833251953125:0] none [0:0.20000000298023224] [0:2] [0:22] [0:151] [0:1] none [0:1] [0:1] none [0:1] [2501.330078125:6591442.5] [0:1] [0:22] [0:22] [0:1] [0:35] [0:69] [0:1] [0:1] [2501.330078125:6591442.5] [0:0.80000001192092896] [0:22] [0:69] none none [1:69] none none none none none [0.039999999105930328:0.7522590160369873]
tree_sizes=2486 2855 4480 5254 5370 6443

Tree=0
num_leaves=23
num_cat=0
split_feature=0 0 22 0 13 5 5 33 7 19 33 11 3 16 22 33 0 0 0 0 0 3
split_gain=11043.8 295.981 434.611 57.2262 105.607 50.346 46.6839 40.994 47.1303 39.9661 39.3112 45.0382 25.7279 23.3401 19.3556 7.05163 18.2359 4.19765 3.63798e-12 4.54747e-13 2.27374e-13 2.27374e-13
threshold=884.16998291015636 690.32498168945324 0.45834162831306463 1006.4549865722657 1.0000000180025095e-35 1.5000000000000002 273.00000000000006 0.53428786993026745 0.31642432510852819 0.29406256973743444 0.47648550570011144 -37.588542938232415 45.000000000000007 142.50000000000003 0.54737842082977306 0.53228306770324718 552.56500244140636 940.27499389648449 6176.6401367187509 6732.5251464843759 665.78997802734386 33.000000000000007
decision_type=2 2 2 2 2 2 2 2 2 2 2 2 2 2 2 2 2 2 2 2 2 2
left_child=1 5 9 4 6 -1 -2 8 -4 13 -10 14 -13 -3 -12 20 -17 -6 -5 -20 -7 -21
right_child=3 2 7 18 17 15 -8 -9 10 -11 11 12 -14 -15 -16 16 -18 -19 19 21 -22 -23
leaf_value=-1.1329191117741826 -1.07631717003757 -1.2635389773202117 -1.0157454088578919 -0.98270626639624925 -1.0120469973883051 -1.2635389773202117 -1.2635389773202117 -1.0002583108289969 -1.0580516278636538 -1.1440356960759723 -1.2635389773202117 -1.1876382446380596 -1.0657694625850269 -1.1414377986576194 -1.1298091149754677 -1.2635389773202117 -1.1358877450820468 -0.98270626639624925 -0.98270626639624925 -0.98270626639624925 -1.2635389773202117 -0.98270626639624925
leaf_weight=7.6558032035827628 8.0118870735168439 88.486841678619385 12.106851577758787 1338.8753509521484 23.857619285583496 381.5438666343689 5.6973419189453116 11.394683837890623 14.599438667297362 8.367970943450926 9.792306423187247 6.5875515937805273 12.64097738265991 4.0949645042419425 3.7388806343078604 9.7923064231872541 3.9169225692749015 24.925870895385742 129.97061252593994 35.608386993408203 16.735941886901855 39.169225692749023
leaf_count=25 18 497 14 752 26 2143 32 10 28 29 55 28 26 14 12 55 13 14 73 20 94 22
internal_value=-1.19846 -1.23733 -1.18205 -0.984605 -1.03151 -1.25996 -1.15412 -1.08714 -1.10378 -1.24868 -1.12629 -1.1567 -1.10752 -1.25814 -1.22659 -1.26233 -1.22707 -0.997055 -0.982706 -0.982706 -1.26354 -0.982706
internal_weight=0 591.455 171.81 1606.12 62.4927 419.645 13.7092 70.8607 59.466 100.95 47.3592 32.7597 19.2285 92.5818 13.5312 411.989 13.7092 48.7835 1543.62 204.748 398.28 74.7776
internal_count=4000 3043 713 957 90 2330 50 173 163 540 149 121 54 511 67 2305 68 40 867 115 2237 42
is_linear=0
shrinkage=1


Tree=1
num_leaves=26
num_cat=0
split_feature=0 0 22 6 6 20 23 0 0 28 16 19 20 11 6 22 30 19 11 0 16 6 19 2 0
split_gain=8460.72 279.06 376.367 59.3033 79.1335 50.7729 40.4791 38.1443 54.3785 64.3241 28.1796 34.8548 51.8386 15.2932 8.4451 5.20522 20.7403 0.00471762 0.00180671 0.00105203 0.000972191 0.000576997 0.000153296 3.63798e-12 1.13687e-13
threshold=884.16998291015636 690.32498168945324 0.45834162831306463 483679.20312500006 491675.82812500006 0.16202542930841449 69291.230468750015 1006.4549865722657 895.65499877929699 14.500000000000002 67.500000000000014 0.23284606635570529 0.26007211208343511 -16.470485687255856 391412.15625000006 0.54897266626358043 0.79596775770187389 0.29406256973743444 -32.979167938232415 515.10501098632824 140.50000000000003 2201.914916992188 0.24155573546886447 4846.5600585937509 587.53500366210949
decision_type=2 2 2 2 2 2 2 2 2 2 2 2 2 2 2 2 2 2 2 2 2 2 2 2 2
left_child=1 6 3 17 -5 -4 -1 8 9 13 -7 14 18 -2 -12 21 -17 20 -13 -18 -3 -8 -6 -9 -23
right_child=7 2 5 4 22 10 15 23 -10 -11 11 12 -14 -15 -16 16 19 -19 -20 -21 -22 24 -24 -25 -26
leaf_value=0.043199927860877459 -0.065973877463015682 -0.064132597835137389 -0.065888391096663654 0.18309012743774042 -0.064230263808156204 0.15255986859033668 -0.064636480026045023 0.18358383721237992 0.17764368877985048 0.15386394022601588 0.087308480913620701 -0.064974307221051839 0.10111919451146521 0.06201380627572245 0.14614273377402967 0.067922656793679745 -0.064132597835137389 -0.065926546110033221 -0.066517869544465619 -0.065127673234920483 -0.064895855601078911 -0.064132597835137389 -0.064699833053314629 0.18358383721237992 -0.064132597835137389
leaf_weight=9.1983462721109372 5.829662561416626 76.796579360961914 4.3632526695728293 6.0258632898330671 3.4477492719888687 24.979240760207176 5.7692764997482291 1597.3131847381592 44.718952178955078 13.531915247440336 9.7027897238731402 3.5299375802278519 11.926198586821554 3.8923805803060549 16.423493012785912 3.7541216015815744 10.48007011413574 4.0308222770690909 4.0949276387691524 3.5579457879066476 4.4117178022861472 319.38443183898926 3.5050690472126007 120.88846683502197 53.602981567382812
leaf_count=33 32 447 24 6 20 31 33 806 30 16 24 20 28 12 24 12 61 22 22 20 25 1859 20 61 312
internal_value=0 -0.0378115 0.0153126 -0.0490966 0.0504711 0.0996387 -0.0604934 0.182131 0.145395 0.0833772 0.10986 0.0865098 0.0360199 -0.0147319 0.124293 -0.0628987 -0.0364681 -0.0642569 -0.0658033 -0.0643848 -0.0641741 -0.0641403 -0.064467 0.183584 -0.0641326
internal_weight=0 578.985 173.238 98.2178 12.9787 75.0198 405.747 1786.17 67.9729 23.254 70.6566 45.6773 19.5511 9.72204 26.1263 396.549 17.7921 85.2391 7.62487 14.038 81.2083 378.757 6.95282 1718.2 372.987
internal_count=4000 3043 713 540 46 173 2330 957 90 60 149 118 70 44 48 2297 93 494 42 81 472 2204 40 867 2171
is_linear=0
shrinkage=0.05


Tree=2
num_leaves=41
num_cat=0
split_feature=0 0 31 6 6 5 31 44 7 4 4 0 31 23 6 11 11 19 31 0 19 19 23 6 19 29 6 23 30 7 6 6 31 5 0 11 0 25 0 7
split_gain=6779.12 263.26 312.932 55.1635 65.6961 45.4075 30.1706 38.7453 28.1737 32.9031 55.6627 28.0837 42.918 41.4915 19.4233 15.8928 13.8188 13.7419 6.86955 18.6389 0.00370428 0.00335677 0.00170021 0.000662624 0.000126662 6.36741e-05 4.62695e-05 9.82157e-05 4.21891e-05 1.04541e-05 7.65063e-06 6.33288e-08 2.33993e-08 4.52358e-09 1.50727e-09 5.04542e-10 1.32885e-09 2.91237e-10 1.13687e-13 1.42109e-14
threshold=884.16998291015636 690.32498168945324 0.41655614972114569 483679.20312500006 491675.82812500006 1.5000000000000002 0.55714645981788646 0.52333718538284313 0.31642432510852819 25059.419921875004 108802.37890625001 1006.4549865722657 0.45511987805366522 5250934.5000000009 391412.15625000006 -8.8315973281860334 -12.031249999999998 0.24520733952522281 0.55380511283874523 563.56002807617199 0.29406256973743444 0.23870854079723361 80678.632812500015 216498.71875000003 0.24155573546886447 52.500000000000007 412189.68750000006 4791295.2500000009 0.12916667014360431 0.31234638392925268 455439.15625000006 2201.914916992188 0.54868495464324962 315.00000000000006 709.14498901367199 -17.083333015441891 822.04000854492199 21.500000000000004 649.25997924804699 0.42494854331016546
decision_type=2 2 2 2 2 2 2 2 2 2 2 2 2 2 2 2 2 2 2 2 2 2 2 2 2 2 2 2 2 2 2 2 2 2 2 2 2 2 2 2
left_child=1 5 3 20 -5 -1 7 17 -9 14 15 12 13 16 -10 21 -2 -4 22 23 25 -11 -7 -20 -6 26 29 -28 -24 -3 33 -30 38 -29 -31 37 -37 39 -33 -36
right_child=11 2 6 4 24 18 -8 8 9 10 -12 -13 -14 -15 -16 -17 -18 -19 19 -21 -22 -23 28 -25 -26 -27 27 30 31 34 -32 32 -34 -35 35 36 -38 -39 -40 -41
leaf_value=0.058230070587543481 -0.065560864911412539 -0.063345880955021944 -0.066513125103044454 0.15877893671708215 -0.063345223155297628 -0.064275338717711919 0.15568544785176233 0.15234303687118733 0.066062042467234336 -0.067230762954230652 0.13878322678013594 0.16117942545827785 0.15224250470554357 0.13687180583084665 0.15979275457091724 0.049175539384595734 0.058283962958734996 0.052042054058221487 -0.064122233672697107 0.06852637169851214 -0.064910425240620934 -0.065341237410668426 -0.063414597315271812 -0.063253977631144362 -0.063779864720322071 -0.063445668598660299 -0.063582810802187639 -0.063254689703541742 -0.0632480152305889 -0.063253607029307699 -0.063345379505755958 -0.063254689703541714 -0.063251289731092869 -0.063252163303614578 -0.063254689703541853 -0.063254689703541672 -0.063253607029307685 -0.063254208527694325 -0.063254689703541714 -0.063254689703541714
leaf_weight=8.016670957207678 5.1808632910251617 3.3243686258792868 5.8896561712026578 6.5848152637481672 3.3242536187171936 4.1401725411415091 13.248189479112623 13.449319824576376 11.183021336793901 3.7656956166028923 7.208943545818328 1855.215343952179 53.577316984534264 9.6384799182414991 10.928457140922545 4.2667623013258043 3.9849815368652362 4.1782516092061996 3.4257802069187147 3.7067186534404746 3.7157839983701697 6.2542852014303207 4.1662003695964804 6.1283317804336548 3.3809898793697357 6.3406989425420752 3.6905267089605323 3.8096225857734662 3.6429200768470755 4.6375810652971259 3.3242951780557632 332.26534378528595 5.1339426636695853 3.3123480528593063 3.4783510565757672 7.2879736423492485 4.6375810652971268 3.4782776087522498 21.36701363325119 29.317530333995819
leaf_count=25 29 20 32 6 20 24 10 11 31 20 9 867 38 11 10 13 12 13 20 11 21 35 25 37 20 38 22 23 22 28 20 2006 31 20 21 44 28 21 129 177
internal_value=0 -0.0368241 0.014355 -0.047762 0.0465999 -0.059544 0.0867298 0.0731201 0.0890773 0.0695649 0.0255152 0.159987 0.129433 0.0644445 0.112388 -0.0316386 -0.0117176 -0.0173119 -0.0620029 -0.0266425 -0.0633687 -0.0660514 -0.0632678 -0.0635653 -0.0635644 -0.0632939 -0.0632802 -0.0633611 -0.0632564 -0.0632599 -0.0632827 -0.0632546 -0.0632546 -0.0632535 -0.0632545 -0.0632546 -0.0632543 -0.0632546 -0.0632547 -0.0632547
internal_weight=0 566.011 174.018 93.645 13.2901 391.993 80.3726 67.1244 57.0565 43.6072 21.4957 1927.6 72.3816 18.8043 22.1115 14.2867 9.16584 10.0679 383.976 13.2608 80.3549 10.02 370.716 9.55411 6.70524 76.6392 70.2985 14.1368 366.575 56.1617 10.4463 362.409 358.766 7.12197 52.8373 48.1997 11.9256 36.2742 353.632 32.7959
internal_count=4000 3043 713 529 46 2330 184 174 129 118 77 957 90 52 41 68 41 45 2305 68 483 55 2237 57 40 462 424 85 2213 339 63 2188 2166 43 319 291 72 219 2135 198
is_linear=0
shrinkage=0.05


Tree=3
num_leaves=48
num_cat=0
split_feature=0 0 22 5 19 16 19 0 0 4 31 7 31 11 32 5 31 22 4 0 23 16 23 22 31 5 5 29 4 29 22 7 5 5 9 3 5 23 7 29 9 23 16 31 0 29 0
split_gain=5602.51 248.465 291.811 42.5987 32.5874 24.8019 23.6974 22.1166 35.5422 47.3068 20.1571 22.8518 29.4891 37.5757 18.8737 17.3807 6.76227 18.6252 0.00719583 0.00256034 0.00140572 0.000822654 0.000865579 4.36129e-05 3.00004e-05 2.74213e-08 2.53502e-08 7.42084e-09 4.71587e-09 4.07647e-09 3.82613e-09 1.49402e-09 2.44269e-09 8.1252e-10 1.12157e-09 4.06313e-10 3.20362e-10 1.70575e-10 1.50195e-10 2.39549e-10 3.65414e-11 7.21911e-12 1.32498e-11 2.27374e-13 5.68434e-14 4.61853e-14 8.88178e-15
threshold=884.16998291015636 690.32498168945324 0.45834162831306463 1.5000000000000002 0.29406256973743444 143.50000000000003 0.20047393441200259 1006.4549865722657 895.65499877929699 40709.548828125007 0.55714645981788646 0.31642432510852819 0.45562840998172766 -37.588542938232415 5670552.7500000009 327.00000000000006 0.55380511283874523 0.55024740099906932 11805.060058593752 397.56500244140631 80678.632812500015 138.50000000000003 5006100.0000000009 0.54938000440597545 0.065103977918624892 4.5000000000000009 357.00000000000006 52.500000000000007 110436.21093750001 2.5000000000000004 0.54772639274597179 0.57916519045829784 309.00000000000006 6.5000000000000009 10.500000000000002 33.000000000000007 333.00000000000006 5123721.7500000009 0.83950343728065502 40.500000000000007 11.500000000000002 5117173.7500000009 109.50000000000001 0.54676625132560741 128.73500061035159 38.500000000000007 752.05999755859386
decision_type=2 2 2 2 2 2 2 2 2 2 2 2 2 2 2 2 2 2 2 2 2 2 2 2 2 2 2 2 2 2 2 2 2 2 2 2 2 2 2 2 2 2 2 2 2 2 2
left_child=1 3 4 -1 5 21 -4 8 9 -2 11 -8 -13 15 -15 18 20 -18 -14 -19 -5 24 -23 25 26 -22 27 28 31 -27 33 32 35 34 -31 37 38 -3 39 -33 -37 45 -43 44 -35 46 -40
right_child=7 2 6 16 -6 -7 10 -9 -10 -11 -12 12 13 14 -16 -17 17 19 -20 -21 23 22 -24 -25 -26 29 -28 -29 -30 30 -32 36 -34 43 -36 40 -38 -39 41 -41 -42 42 -44 -45 -46 -47 -48
leaf_value=0.053712676789461448 -0.06695154876411967 -0.062441359365443774 -0.066572081280190251 -0.06338736494265769 0.043617024074971131 0.073298962665835243 0.1307654946068442 0.14462918945104677 0.14115379876360548 0.10325571433881711 0.14225313478266974 0.13928242326756252 -0.067227580014587826 0.02301299002725582 0.10755667489804287 0.060594486403192774 0.069616331651408347 -0.06259243121036695 -0.064387697127054125 -0.064308784072203348 -0.062438551103731414 -0.0625508651348093 -0.063601154666564935 -0.062627104532480771 -0.062594154673468946 -0.062440629204505216 -0.062437763523096039 -0.062439860261728708 -0.062439949811320776 -0.062440998090435088 -0.062440563857462522 -0.062442238086096148 -0.062440461844715106 -0.062442234857505642 -0.062442234857505635 -0.0624420075109847 -0.062441627906817114 -0.062441841455422545 -0.062442237900290326 -0.062441733565796465 -0.06244223661309678 -0.062442237232822918 -0.062442123097214954 -0.062442244527017535 -0.062442234857505642 -0.062442241849520408 -0.062442234857505635
leaf_weight=8.2500112205743772 5.1337604224681881 3.6696189939975756 2.5774563252925864 3.9920170009136191 8.939089506864546 3.5091516971588126 14.652406856417654 1961.111697435379 50.807290896773338 19.932498976588249 13.8524844199419 9.4735079705715162 3.7518901824951083 10.862050756812105 16.829438537359238 3.8748554885387412 3.6737814247608176 5.9409783333539945 5.5011735856533051 3.4257301390171051 5.2643904834985724 4.8086950927972776 3.3133440315723419 3.2160008251667014 3.3721185177564612 4.1481182277202597 4.466585010290145 5.2647240757942191 3.1907553970813742 3.1909172534942618 3.5099350810050955 4.6271074116229993 3.9885430037975302 58.716389179229736 4.3079959452152252 3.1910730004310608 3.1910144239664069 3.6697045415639877 3.1911085247993487 4.7865461409091949 3.8293300271034241 5.4248843640089017 4.7866362929344177 3.669775962829589 267.09574860334396 6.222662702202796 5.2653283774852753
leaf_count=25 28 23 14 24 29 9 13 867 30 32 9 9 20 37 28 11 11 37 32 20 33 30 20 20 21 26 28 33 20 20 22 29 25 368 27 20 20 23 20 30 24 34 30 23 1674 39 33
internal_value=0 -0.0359155 0.0135202 -0.0586584 -0.0471297 -0.0568134 0.0826165 0.143604 0.117117 0.068396 0.0874964 0.0758171 0.0598083 0.0413637 0.0743942 -0.0283094 -0.0611629 -0.0257973 -0.0655392 -0.0632202 -0.0624544 -0.0625023 -0.0629793 -0.0624438 -0.0624485 -0.0624421 -0.0624414 -0.0624417 -0.0624418 -0.0624422 -0.0624422 -0.0624419 -0.0624416 -0.0624422 -0.0624417 -0.0624419 -0.0624421 -0.0624416 -0.0624422 -0.062442 -0.0624421 -0.0624422 -0.0624422 -0.0624422 -0.0624422 -0.0624422 -0.0624422
internal_weight=0 552.485 174.083 378.402 92.708 83.7689 81.3753 2036.99 75.8736 25.0663 78.7978 64.9453 50.2929 40.8194 27.6915 13.1279 370.152 13.0405 9.25306 9.36671 357.111 80.2598 8.12204 353.119 72.1377 349.903 68.7656 64.299 59.0343 344.639 340.491 55.8436 18.3483 336.981 7.49891 14.3597 37.4953 7.33932 34.3043 9.41365 7.0204 24.8906 10.2115 329.482 325.812 14.6791 8.45644
internal_count=4000 3043 713 2330 540 511 173 957 90 60 159 150 137 128 65 63 2305 68 52 57 2237 502 50 2213 452 2193 431 403 370 2160 2134 350 115 2112 47 90 235 46 215 59 44 156 64 2065 2042 92 53
is_linear=0
shrinkage=0.05


Tree=4
num_leaves=49
num_cat=0
split_feature=0 0 22 6 6 5 20 9 0 31 0 22 7 27 11 31 31 22 19 0 32 19 5 27 7 29 6 32 31 29 6 22 11 32 29 19 32 0 7 11 5 31 7 22 22 0 7 7
split_gain=4736.23 234.765 259.843 50.8161 52.6604 40.0754 35.218 18.7799 18.4123 31.2199 30.0429 16.5197 16.0891 35.0493 12.5133 6.66805 19.8554 5.54041 0.0125021 0.00506838 0.000928653 0.000224171 0.000212992 0.000360862 0.000155029 7.18149e-05 3.34457e-05 0.00010359 2.50888e-05 7.01985e-06 4.16389e-08 4.14456e-08 9.18494e-09 1.47761e-08 4.91773e-09 2.13512e-09 1.0894e-09 4.24311e-10 1.0477e-10 1.01981e-11 7.38964e-13 5.11591e-13 7.81597e-14 5.68434e-14 5.68434e-14 1.06581e-14 3.55271e-15 3.55271e-15
threshold=884.16998291015636 690.32498168945324 0.45834162831306463 483679.20312500006 491675.82812500006 1.5000000000000002 0.16202542930841449 14.500000000000002 1006.4549865722657 0.45511987805366522 895.65499877929699 0.4673320353031159 1.4857600927352907 0.049064384773373611 -18.305556297302243 0.55380511283874523 0.55602237582206737 0.54588675498962413 0.29406256973743444 426.67500305175787 82466.144531250015 0.24155573546886447 339.00000000000006 0.050260594114661224 0.28990060091018682 2.5000000000000004 412189.68750000006 4849569.7500000009 0.064577367156744017 54.500000000000007 2201.914916992188 0.54897266626358043 -38.227430343627923 5127484.7500000009 39.500000000000007 0.24165821820497516 4940779.2500000009 809.76000976562511 0.3925317525863648 -10.192708492279051 5.5000000000000009 0.54739880561828624 0.5571909248828889 0.54649916291236889 0.54470160603523265 734.69500732421886 0.85145646333694469 1.5348790884017947
decision_type=2 2 2 2 2 2 2 2 2 2 2 2 2 2 2 2 2 2 2 2 2 2 2 2 2 2 2 2 2 2 2 2 2 2 2 2 2 2 2 2 2 2 2 2 2 2 2 2
left_child=1 5 3 18 -5 -1 -4 11 9 10 14 -8 13 -9 -2 20 -17 -13 22 -18 -7 -6 24 -24 -3 -22 28 -28 29 32 -27 40 38 35 -29 36 37 39 -26 -34 -32 43 -40 44 -42 -44 -47 -48
right_child=8 2 6 4 21 15 7 12 -10 -11 -12 17 -14 -15 -16 16 19 -19 -20 -21 25 -23 23 -25 26 30 27 34 -30 -31 31 -33 33 -35 -36 -37 -38 -39 42 -41 41 -43 45 -45 -46 46 47 -49
leaf_value=0.049717932061824864 -0.065407703981757728 -0.062078394484412582 -0.065349325683505349 0.13625604251397841 -0.06188468619147617 -0.062491210434334289 0.047883206088287736 0.0988718435235591 0.13188671201473218 0.12557031724704526 0.11026356114153633 0.093713322014218656 0.095535148246063517 -0.067564192994963412 0.051624445842633017 0.077116287362293617 -0.062005801338864387 0.12881537368244461 -0.064683582590948321 -0.064421251429054097 -0.061877765023395176 -0.062482431899326341 -0.062387967521011944 -0.061684758862548296 -0.061688762096288187 -0.061683302311418609 -0.062039729219338716 -0.061688715468439653 -0.061839962891694168 -0.061766281999317635 -0.061689090033018867 -0.061683846546697257 -0.061689079711089272 -0.061685216506744828 -0.06168591987837227 -0.061687139280722059 -0.061687766252912994 -0.061688337316051715 -0.061689080335314277 -0.061688962085246761 -0.061689071864841363 -0.061689092209854746 -0.06168907504327717 -0.061689078272528501 -0.061689071827499276 -0.061689073996540847 -0.061689071507613748 -0.061689071762691283
leaf_weight=8.4615092873573285 5.0927218049764633 3.1205949187278739 4.1737798899412146 7.1549051553010923 3.0959488749504089 3.6720928698778144 12.594606354832647 5.791007876396181 2040.8000485897064 58.729265570640564 10.667793244123457 20.860422566533089 8.9037556201219541 6.9707897752523422 4.1413766890764254 3.4726049304008475 5.9226151555776578 24.378365933895111 3.8589899092912665 3.4292358011007309 5.1132039725780478 3.179190918803215 3.476773113012313 3.8386094123125076 3.0715420246124223 3.2241826504468909 3.1187584251165372 3.2251109182834625 3.0931259691715232 3.0826741904020301 5.5288720130920401 3.8384231030941001 4.6073902845382717 4.9135402739047995 3.0710762292146683 3.0712767690420142 3.0713790506124488 3.071472555398941 3.6859124004840877 3.0715743750333884 312.22737315297127 3.2251754999160758 3.5323320031166103 3.0715934336185446 3.8394905626773825 3.2251724302768698 5.9896054416894895 5.3752868175506592
leaf_count=25 29 20 24 6 20 23 35 9 867 38 11 34 15 37 12 10 38 19 22 20 33 20 22 25 20 21 20 21 20 20 36 25 30 32 20 20 20 20 24 20 2033 21 23 20 25 21 39 35
internal_value=0 -0.0350598 0.0127928 -0.046176 0.043534 -0.0578275 0.0762224 0.0836551 0.130972 0.10723 0.0531086 0.0985292 0.0439506 0.00796062 -0.0129203 -0.0603796 -0.0249802 0.112629 -0.0619103 -0.0628915 -0.0617003 -0.0621875 -0.0617631 -0.062019 -0.0617345 -0.0616918 -0.0617173 -0.0618041 -0.0617018 -0.0616932 -0.061689 -0.061689 -0.0616884 -0.0616876 -0.0616874 -0.0616883 -0.0616886 -0.0616888 -0.061689 -0.061689 -0.0616891 -0.0616891 -0.0616891 -0.0616891 -0.0616891 -0.0616891 -0.0616891 -0.0616891
internal_weight=0 538.701 173.675 90.0022 13.43 365.026 83.6727 79.4989 2119.43 78.6312 19.9019 57.8334 21.6656 12.7618 9.2341 356.565 12.8245 45.2388 76.5722 9.35185 343.74 6.27514 72.7132 7.31538 65.3978 340.068 62.2772 9.41495 52.8623 49.7692 334.955 331.731 46.6865 21.8066 6.29619 16.8931 13.8218 10.7504 24.8799 7.67896 327.893 322.364 21.8083 319.138 316.067 18.1224 14.5901 11.3649
internal_count=4000 3043 713 540 46 2330 173 149 957 90 52 88 61 46 41 2305 68 53 494 58 2237 40 472 47 425 2214 405 61 344 324 2181 2160 304 142 41 110 90 70 162 50 2135 2099 142 2078 2058 118 95 74
is_linear=0
shrinkage=0.05


Tree=5
num_leaves=59
num_cat=0
split_feature=0 0 13 0 31 6 6 1 29 44 19 44 11 31 22 44 7 31 31 4 0 5 19 19 17 0 23 44 5 27 4 30 2 19 6 20 6 22 7 29 5 4 7 22 31 30 19 11 0 2 5 22 11 5 29 0 7 0
split_gain=4074.32 214.962 240.729 51.7266 49.0013 44.77 47.7807 27.8147 21.8468 29.0041 16.9603 50.5902 13.8418 12.4296 10.2026 9.56821 9.52859 6.7247 19.451 5.37175 0.187622 0.106247 0.017096 0.00895856 0.0067661 0.00454937 0.000890164 0.000251822 0.000167882 0.000276022 0.000137091 2.82407e-05 2.03666e-05 4.23275e-06 1.76485e-06 4.49865e-06 3.88909e-08 1.43939e-08 8.07638e-09 7.32538e-09 3.72467e-09 5.63762e-09 3.40376e-09 4.41919e-09 1.46792e-09 3.77099e-10 4.81091e-11 1.06866e-11 1.81899e-12 1.81899e-12 5.68434e-13 4.54747e-13 2.94875e-13 1.13687e-13 7.4607e-14 2.13163e-14 4.26326e-14 7.10543e-15
threshold=880.38998413085949 649.25997924804699 1.0000000180025095e-35 895.65499877929699 0.47029826045036321 483679.20312500006 491675.82812500006 1.0000000180025095e-35 5.5000000000000009 0.52333718538284313 0.24165821820497516 0.58635357022285473 -12.031249999999998 0.5368725359439851 0.54558447003364574 0.53995028138160717 0.3223289698362351 0.55380511283874523 0.55602237582206737 37392.599609375007 1006.4549865722657 1.5000000000000002 0.23284606635570529 0.29653909802436834 0.37500000000000006 426.67500305175787 80678.632812500015 0.54902037978172313 339.00000000000006 0.050260594114661224 111852.12109375001 0.12916667014360431 7473.8698730468759 0.12746614962816241 413520.87500000006 0.21408419311046603 2201.914916992188 0.54897266626358043 0.32004964351654058 52.500000000000007 273.00000000000006 17669.370117187504 0.69541344046592724 0.05885997228324414 0.062762603163719191 0.30238096415996557 0.23030602931976321 -12.031249999999998 6812.1650390625009 2781.4799804687505 5.5000000000000009 0.54665246605873119 -34.883682250976555 249.00000000000003 42.500000000000007 690.32498168945324 0.85145646333694469 783.45501708984386
decision_type=2 2 2 2 2 2 2 2 2 2 2 2 2 2 2 2 2 2 2 2 2 2 2 2 2 2 2 2 2 2 2 2 2 2 2 2 2 2 2 2 2 2 2 2 2 2 2 2 2 2 2 2 2 2 2 2 2 2
left_child=1 17 5 4 12 23 -7 8 -4 13 15 24 22 -10 -9 -11 -17 21 -19 -18 -5 -1 -2 28 -12 -20 -23 -8 30 -30 32 -28 33 -3 38 -36 -33 45 -35 40 44 -42 43 -43 47 -38 -44 52 49 -22 -47 53 55 -52 -48 -40 -57 -58
right_child=3 2 7 20 -6 6 27 14 9 10 11 -13 -14 -15 -16 16 19 18 25 -21 48 26 -24 -25 -26 -27 31 -29 29 -31 -32 36 -34 34 35 -37 37 -39 39 -41 41 42 46 -45 -46 50 54 -49 -50 -51 51 -53 -54 -55 -56 56 57 -59
leaf_value=-0.069019509292975276 -0.06241109755878177 -0.061053377508025197 0.1288513870832699 0.11879759829797319 0.106013053555785 0.11997667064371752 -0.06112642439303493 -0.064727421319362308 -0.065627352245756138 0.10890374212904129 -0.067745483018523983 0.11798881165190617 0.048252742195528379 0.049297624331042622 0.039589255129428798 0.12142021610683054 0.07049877898117804 0.077917320111150323 -0.061284602544502978 0.007242158850214119 0.12176882013965225 -0.061788151200468183 -0.067203124121272828 -0.063273031306788782 -0.064690947022316161 -0.06361468942272451 -0.061137310815496927 -0.061733551810830491 -0.061567654883432667 -0.06098643607529667 -0.061338450875627649 -0.060983968195581419 -0.061120142723868169 -0.060986347055292392 -0.061063114518024576 -0.060986981195851268 -0.060989245614146051 -0.060986345390255138 -0.060989775002881746 -0.060986935864084615 -0.060986808344641076 -0.06098730799627642 -0.060989558614909359 -0.060989545977890573 -0.060988628958295925 -0.060989795187247814 -0.060989780791833571 -0.060989678883552126 0.12176882013965225 0.12176882013965225 -0.060989775006139973 -0.060989790680939342 -0.060989792863577266 -0.060989774829243518 -0.060989791789873085 -0.060989783961136038 -0.060989778924135318 -0.06098977567536893
leaf_weight=4.1862705349922171 3.4674460589885729 2.9642504006624213 14.638902321457861 54.511917069554329 18.907452240586281 7.6347148865461332 3.8637731373310089 5.1387401670217496 5.7314500361680967 26.849646493792534 3.4937189072370511 7.6672959178686142 4.2203456312417984 3.9909785240888596 4.3097301125526428 4.948302015662196 7.0235558897256833 3.4196718633174887 5.6983766108751279 6.4275228381156921 1771.5144023895264 3.5448909103870383 4.0179068446159363 4.7586053907871237 3.7685114741325378 3.3125903457403183 3.2742637842893592 3.0610660463571548 3.7899570316076261 4.4307932555675507 3.1507719606161109 2.9534383714199057 3.4204588234424582 2.953847110271453 2.9655381143093091 5.6125171184539795 3.3974980413913718 3.1015391796827307 4.4316561371087984 3.840133234858512 3.2493185549974468 4.7264198809862155 3.6929997801780683 4.1361567676067352 3.2496638745069495 3.9884941875934592 2.9544380605220795 2.9544203728437557 67.762845993041992 258.95087575912476 61.895464777946472 4.5793811678886405 4.1362162530422202 223.20774802565575 3.2498839497566223 3.1021602451801282 2.9544376134872437 4.4316561371088028
leaf_count=21 22 20 13 30 19 7 26 30 33 30 19 7 12 10 11 3 16 9 38 24 732 23 22 29 22 20 22 20 25 30 21 20 23 20 20 38 23 21 30 26 22 32 25 28 22 27 20 20 28 107 419 31 28 1511 22 21 20 30
internal_value=0 -0.0349269 0.00680333 0.120776 0.0562391 -0.047312 0.0337125 0.0642163 0.0733096 0.0616778 0.0746235 0.0284123 -0.0241574 -0.0184516 -0.0171455 0.0898705 0.0620958 -0.0596799 -0.0236111 0.040272 0.121694 -0.0611072 -0.0649833 -0.0611651 -0.0661604 -0.0621412 -0.0610004 -0.0613948 -0.0610403 -0.0612544 -0.0610159 -0.0609913 -0.0610012 -0.060995 -0.0609922 -0.0610133 -0.0609897 -0.0609897 -0.0609889 -0.060989 -0.0609892 -0.0609887 -0.0609891 -0.0609884 -0.0609896 -0.0609898 -0.0609897 -0.0609898 0.121769 0.121769 -0.0609898 -0.0609898 -0.0609898 -0.0609898 -0.0609898 -0.0609898 -0.0609898 -0.0609898
internal_weight=0 520.264 193.704 2183.35 30.6132 99.7159 14.5596 93.9884 84.5399 69.901 60.1786 14.9295 11.7057 9.72243 9.44847 45.249 18.3994 326.56 12.4306 13.4511 2152.74 314.129 7.48535 85.1563 7.26223 9.01097 309.943 6.92484 80.3977 8.22075 72.1769 306.398 69.0262 65.6057 62.6415 8.57806 303.124 300.17 54.0634 51.1096 47.2694 22.0092 18.7599 8.86258 25.2602 297.069 9.89732 22.0105 2098.23 2030.47 293.671 289.683 19.0561 285.103 6.20432 14.9199 10.4883 7.38609
internal_count=4000 3028 843 972 75 625 53 218 177 164 121 48 56 43 41 73 43 2185 67 40 897 2118 44 572 41 58 2097 46 543 55 488 2074 467 444 424 58 2052 2032 366 346 320 149 127 60 171 2011 67 149 867 839 1988 1961 129 1930 42 101 71 50
is_linear=0
shrinkage=0.05


end of trees

feature_importances:
Column_0=43
Column_31=20
Column_5=19
Column_6=19
Column_19=18
Column_22=18
Column_7=17
Column_11=13
Column_29=11
Column_23=9
Column_4=8
Column_16=6
Column_32=5
Column_44=5
Column_20=4
Column_30=4
Column_2=3
Column_3=3
Column_9=3
Column_27=3
Column_33=3
Column_13=2
Column_1=1
Column_17=1
Column_25=1
Column_28=1

parameters:
[boosting: gbdt]
[objective: binary]
[metric: auc]
[tree_learner: serial]
[device_type: cpu]
[data_sample_strategy: bagging]
[data: ]
[valid: ]
[num_iterations: 300]
[learning_rate: 0.05]
[num_leaves: 63]
[num_threads: 0]
[seed: 0]
[deterministic: 0]
[force_col_wise: 0]
[force_row_wise: 0]
[histogram_pool_size: -1]
[max_depth: -1]
[min_data_in_leaf: 20]
[min_sum_hessian_in_leaf: 0.001]
[bagging_fraction: 1]
[pos_bagging_fraction: 1]
[neg_bagging_fraction: 1]
[bagging_freq: 0]
[bagging_seed: 3]
[feature_fraction: 0.8]
[feature_fraction_bynode: 1]
[feature_fraction_seed: 2]
[extra_trees: 0]
[extra_seed: 6]
[early_stopping_round: 0]
[first_metric_only: 0]
[max_delta_step: 0]
[lambda_l1: 0]
[lambda_l2: 0]
[linear_lambda: 0]
[min_gain_to_split: 0]
[drop_rate: 0.1]
[max_drop: 50]
[skip_drop: 0.5]
[xgboost_dart_mode: 0]
[uniform_drop: 0]
[drop_seed: 4]
[top_rate: 0.2]
[other_rate: 0.1]
[min_data_per_group: 100]
[max_cat_threshold: 32]
[cat_l2: 10]
[cat_smooth: 10]
[max_cat_to_onehot: 4]
[top_k: 20]
[monotone_constraints: ]
[monotone_constraints_method: basic]
[monotone_penalty: 0]
[feature_contri: ]
[forcedsplits_filename: ]
[refit_decay_rate: 0.9]
[cegb_tradeoff: 1]
[cegb_penalty_split: 0]
[cegb_penalty_feature_lazy: ]
[cegb_penalty_feature_coupled: ]
[path_smooth: 0]
[interaction_constraints: ]
[verbosity: -1]
[saved_feature_importance_type: 0]
[use_quantized_grad: 0]
[num_grad_quant_bins: 4]
[quant_train_renew_leaf: 0]
[stochastic_rounding: 1]
[linear_tree: 0]
[max_bin: 255]
[max_bin_by_feature: ]
[min_data_in_bin: 3]
[bin_construct_sample_cnt: 200000]
[data_random_seed: 1]
[is_enable_sparse: 1]
[enable_bundle: 1]
[use_missing: 1]
[zero_as_missing: 0]
[feature_pre_filter: 1]
[pre_partition: 0]
[two_round: 0]
[header: 0]
[label_column: ]
[weight_column: ]
[group_column: ]
[ignore_column: ]
[categorical_feature: ]
[forcedbins_filename: ]
[precise_float_parser: 0]
[parser_config_file: ]
[objective_seed: 5]
[num_class: 1]
[is_unbalance: 0]
[scale_pos_weight: 10]
[sigmoid: 1]
[boost_from_average: 1]
[reg_sqrt: 0]
[alpha: 0.9]
[fair_c: 1]
[poisson_max_delta_step: 0.7]
[tweedie_variance_power: 1.5]
[lambdarank_truncation_level: 30]
[lambdarank_norm: 1]
[label_gain: ]
[lambdarank_position_bias_regularization: 0]
[eval_at: ]
[multi_error_top_k: 1]
[auc_mu_weights: ]
[num_machines: 1]
[local_listen_port: 12400]
[time_out: 120]
[machine_list_filename: ]
[machines: ]
[gpu_platform_id: -1]
[gpu_device_id: -1]
[gpu_use_dp: 0]
[num_gpu: 1]

end of parameters

pandas_categorical:null
